--- Sistema Iniciado: Laboratorio 2 - TEB II ---
Volumen muerto provisional (Vm): 0.77 mL
Presion atmosferica (Patm): 101.32 kPa
Marca de parada calculada (V_j,min): 0.55 mL
Formato de entrada por serial: ciclo,sentido,V_j (Ejemplo: 1,C,0.88)
Presione ENTER sin texto para medir cero atmosférico.
CERO ATMOSFERICO -> Media: 2968091.60 | Desviacion (Ruido): 1864.79
CERO ATMOSFERICO -> Media: 2968622.37 | Desviacion (Ruido): 1441.44
1,C,1.00,0.000,2972814.40,1890.19,30
1,C,1.00,0.000,2971906.40,1112.80,30
1,C,0.55,34.543,8388607.00,0.00,30
1,C,1.00,0.000,-8388608.00,0.00,30
1,C,0.94,3.555,-3835213.07,91987.26,30
1,C,0.88,7.369,45456.97,49678.31,30
1,C,0.82,11.471,3081891.60,6975.27,30
1,C,0.76,15.894,5716566.00,17644.21,30
1,C,0.70,20.679,8198997.17,70426.23,30
1,C,0.64,25.870,8388607.00,0.00,30
1,C,0.58,31.523,8388607.00,0.00,30
1,C,0.52,37.702,8388607.00,0.00,30
ADVERTENCIA: La presión de referencia supera los 40 kPa del sensor.
1,D,0.52,37.702,-240307.67,57937.40,30
1,D,0.58,31.523,-2271097.77,91880.31,30
1,D,0.64,25.870,-4305756.23,67128.52,30
1,D,0.70,20.679,-6677334.10,242024.57,30
1,D,0.76,15.894,-6317251.77,145446.25,30
1,D,0.82,11.471,-7026843.73,132532.12,30
1,D,0.88,7.369,-8325424.90,66243.12,30
1,D,0.94,3.555,-8388608.00,0.00,30
==================================================================================================
1,C,1.00,0.000,-1052630.57,63821.33,30
1,C,0.94,3.555,2299599.73,849902.77,30
1,C,0.88,7.369,4313057.40,22013.76,30
1,C,0.82,11.471,6818582.57,64976.59,30
1,C,0.76,15.894,8388607.00,0.00,30
1,C,0.70,20.679,8275162.53,129566.49,30
1,C,0.70,20.679,8388607.00,0.00,30
1,C,0.64,25.870,8388607.00,0.00,30
1,C,0.58,31.523,8388607.00,0.00,30
1,C,0.52,37.702,8388607.00,0.00,30
1,D,0.52,37.702,8388607.00,0.00,30
1,D,0.58,31.523,5629870.60,278328.38,30
1,D,0.64,25.870,1968865.03,24397.91,30
1,D,0.70,20.679,-868366.13,58238.65,30
1,D,0.76,15.894,-4023971.57,64929.25,30
1,D,0.82,11.471,-5107266.27,112377.77,30
1,D,0.88,7.369,-6701975.77,131633.13,30
1,D,0.94,3.555,-8243799.30,79384.19,30
1,D,1.00,0.000,-8388608.00,0.00,30
1,D,0.82,11.471,-7026843.73,132532.12,30
1,D,0.88,7.369,-8325424.90,66243.12,30
1,D,0.94,3.555,-8388608.00,0.00,30
1,D,1.00,0.000,-8388608.00,0.00,30
==================================================================================================
1,C,1.00,0.000,-4772538.27,608163.96,30
1,C,0.94,3.555,-1876064.23,65699.53,30
1,C,0.88,7.369,1618812.80,39514.61,30
1,C,0.82,11.471,4074275.17,21353.55,30
1,C,0.76,15.894,6873022.10,62058.02,30
1,C,0.70,20.679,8388607.00,0.00,30
1,C,0.64,25.870,8388607.00,0.00,30
1,C,0.58,31.523,8388607.00,0.00,30
1,C,0.52,37.702,8388607.00,0.00,30
1,D,0.52,37.702,8388607.00,0.00,30
1,D,0.58,31.523,6936322.07,91390.40,30
1,D,0.64,25.870,3145894.93,39522.95,30
1,D,0.70,20.679,134039.17,199932.01,30
1,D,0.76,15.894,-2566540.23,441913.96,30
1,D,0.82,11.471,-4665709.23,109511.97,30
1,D,0.88,7.369,-6463713.60,125986.04,30
1,D,0.94,3.555,-8277774.53,137091.42,30
1,D,1.00,0.000,-8388608.00,0.00,30
